LR1: 0.0001
BATCH_SIZE1: 256
TRAINING_EPOCHS1: 5
DISPLAY_STEP1: 500
WEIGHT_DECAY1: 0.000001
LR2: 0.000001
BATCH_SIZE2: 128
TRAINING_EPOCHS2: 20 
DataRoot: .

